5.296629190444946
5.040997266769409
4.928968667984009
4.765200138092041
4.255430459976196
3.9896583557128906
3.733614206314087
3.522580146789551
3.1229300498962402
2.9640791416168213
2.7161998748779297
2.5014398097991943
2.382525682449341
2.2469842433929443
1.8889408111572266
1.69492769241333
1.5057058334350586
1.2771825790405273
1.0830473899841309
0.9112222194671631
0.7018775939941406
0.6173436641693115
0.5055420398712158
0.39880990982055664
0.3044397830963135
0.2036283016204834
0.13217425346374512
0.07384490966796875
0.049623966217041016
0.026044130325317383
5.435048818588257
5.047374963760376
4.851485252380371
4.4834065437316895
4.33581280708313
4.034998893737793
3.6917693614959717
3.664607048034668
3.3210995197296143
2.961733341217041
2.7631425857543945
2.537193536758423
2.383420944213867
2.1520185470581055
1.9926459789276123
1.7853834629058838
1.5028951168060303
1.3221113681793213
1.1247870922088623
0.934988260269165
0.7735452651977539
0.6639511585235596
0.5098938941955566
0.39450836181640625
0.27263498306274414
0.20945453643798828
0.1724555492401123
0.08737730979919434
0.05129265785217285
5.163986921310425
4.959728717803955
4.889397621154785
4.642887115478516
4.283722877502441
3.9240798950195312
3.715083599090576
3.3903133869171143
3.2230257987976074
2.9714713096618652
2.8279311656951904
2.4380593299865723
2.307950735092163
2.071831464767456
1.8529279232025146
1.6546459197998047
1.4192860126495361
1.235565185546875
1.0912501811981201
0.9514939785003662
0.8253889083862305
0.6534438133239746
0.5458288192749023
0.5319726467132568
0.3162252902984619
0.1827983856201172
0.08228325843811035
0.05116081237792969
0.03947591781616211
0.023829221725463867
5.290969133377075
5.0514609813690186
4.929975271224976
4.445862293243408
4.326422929763794
4.02142333984375
3.9080326557159424
3.5972402095794678
3.262843608856201
3.046226978302002
2.7267513275146484
2.655978202819824
2.32222056388855
2.183337926864624
1.872140645980835
1.7177884578704834
1.4933805465698242
1.290389060974121
1.1376049518585205
0.9382462501525879
0.789581298828125
0.6546976566314697
0.5217115879058838
0.44118809700012207
0.3101997375488281
0.21587324142456055
0.14199256896972656
0.07693672180175781
0.04487872123718262
0.03284597396850586
5.33755087852478
5.067911148071289
4.884251832962036
4.440853595733643
4.1521124839782715
4.046635627746582
3.829446792602539
3.5560014247894287
3.197847604751587
3.1735293865203857
2.809706926345825
2.515641450881958
2.300426483154297
2.023972749710083
1.829808235168457
1.607170581817627
1.4428153038024902
1.2524609565734863
1.2009303569793701
0.9228856563568115
0.8270728588104248
0.6484661102294922
0.5222506523132324
0.4125235080718994
0.3143124580383301
0.24152231216430664
0.14766788482666016
0.07523345947265625
0.05352377891540527
0.028606176376342773
5.307481527328491
5.152864217758179
4.845086336135864
4.465677738189697
4.15427041053772
4.045660734176636
3.7322168350219727
3.534109354019165
3.2452166080474854
2.987320899963379
2.8856329917907715
2.6242878437042236
2.358316421508789
2.140678644180298
1.913465976715088
1.7013115882873535
1.4538350105285645
1.259340524673462
1.17221999168396
0.938462495803833
0.8498785495758057
0.6992921829223633
0.549901008605957
0.4200444221496582
0.32628440856933594
0.24180841445922852
0.1444385051727295
0.07072734832763672
0.04584312438964844
0.024631261825561523
5.169278144836426
4.987627029418945
4.7039196491241455
4.523086071014404
4.22931981086731
4.002757549285889
3.843187093734741
3.4714982509613037
3.356905221939087
3.116713047027588
2.763063907623291
2.6053483486175537
2.295097827911377
2.043670654296875
1.8155088424682617
1.6019344329833984
1.494255781173706
1.2412445545196533
1.069103717803955
0.962388277053833
0.791783332824707
0.7030069828033447
0.5325403213500977
0.4048583507537842
0.29967689514160156
0.2253739833831787
0.14333057403564453
0.0819544792175293
0.04887056350708008
0.027779340744018555
5.169772386550903
4.888942241668701
4.698648929595947
4.431617021560669
4.21673059463501
4.006166934967041
3.769176959991455
3.4288251399993896
3.2396416664123535
3.176250696182251
2.826655387878418
2.5654211044311523
2.3182601928710938
2.0883965492248535
1.9010059833526611
1.7217693328857422
1.5176410675048828
1.2377188205718994
1.0795032978057861
0.931046724319458
0.7798490524291992
0.6168384552001953
0.49634718894958496
0.3813302516937256
0.28435182571411133
0.1859879493713379
0.10159730911254883
0.08554482460021973
0.04131484031677246
0.022402286529541016
5.184309482574463
5.023515939712524
4.682488918304443
4.449667453765869
4.39912223815918
4.022197723388672
3.7706100940704346
3.5137524604797363
3.1767349243164062
2.958972692489624
2.7716562747955322
2.5038511753082275
2.231661558151245
1.9690814018249512
1.7825322151184082
1.5880374908447266
1.4565837383270264
1.2638897895812988
1.0594191551208496
0.920041561126709
0.7471258640289307
0.6295158863067627
0.5111804008483887
0.386627197265625
0.29633164405822754
0.2080214023590088
0.137498140335083
0.08695149421691895
0.04101848602294922
0.022654056549072266
5.2772486209869385
4.981825828552246
4.739634275436401
4.450546503067017
4.28437352180481
3.9287352561950684
3.676069974899292
3.5878725051879883
3.2037980556488037
2.9410006999969482
2.853121280670166
2.5011727809906006
2.3326070308685303
2.0860440731048584
1.9767043590545654
1.65386962890625
1.4585893154144287
1.3247826099395752
1.1630067825317383
0.9596631526947021
0.80039381980896
0.6462419033050537
0.5038807392120361
0.396930456161499
0.2979094982147217
0.21313190460205078
0.14924287796020508
0.08126163482666016
0.045790910720825195
0.02651500701904297
5.2819812297821045
5.095976829528809
4.771167993545532
4.5962233543396
4.1807475090026855
3.8858325481414795
3.5777719020843506
3.441279888153076
3.057525634765625
2.845888137817383
2.5913944244384766
2.5533366203308105
2.2071752548217773
1.981583833694458
1.7717311382293701
1.5812938213348389
1.366844654083252
1.1947858333587646
0.9966793060302734
0.814974308013916
0.6416587829589844
0.551447868347168
0.44527244567871094
0.35877180099487305
0.2527155876159668
0.1650996208190918
0.09840822219848633
0.06119561195373535
0.03653550148010254
0.018066883087158203
5.117296457290649
4.962096214294434
4.808393239974976
4.558771371841431
4.214086294174194
3.882190704345703
3.6016247272491455
3.3591668605804443
3.1674728393554688
2.866401433944702
2.812373399734497
2.435373306274414
2.3061683177948
2.0798590183258057
1.9097278118133545
1.6085598468780518
1.4014654159545898
1.218745231628418
1.021951675415039
0.8338623046875
0.7048180103302002
0.5673987865447998
0.44765663146972656
0.31137681007385254
0.21454215049743652
0.1939375400543213
0.1294231414794922
0.06731986999511719
0.0380854606628418
5.073515892028809
4.769536733627319
4.527624845504761
4.361058473587036
4.089893579483032
3.8155014514923096
3.7230224609375
3.381560802459717
3.0733985900878906
2.8124160766601562
2.5388638973236084
2.3942394256591797
2.181004047393799
1.977069616317749
1.7377820014953613
1.5240294933319092
1.325821876525879
1.1784396171569824
1.019052505493164
0.8891110420227051
0.7750277519226074
0.635981559753418
0.5614795684814453
0.4399116039276123
0.23166608810424805
0.10463523864746094
0.06531071662902832
0.05198550224304199
0.033812522888183594
5.292017698287964
4.974161863327026
4.813046932220459
4.415681838989258
4.1581573486328125
3.8699047565460205
3.690538167953491
3.4607183933258057
3.135394811630249
3.022871971130371
2.634636640548706
2.4112040996551514
2.2561848163604736
2.0284037590026855
1.7673649787902832
1.7351529598236084
1.3792717456817627
1.2778191566467285
1.0368764400482178
1.0131118297576904
0.7237601280212402
0.5751426219940186
0.45867276191711426
0.3556394577026367
0.2774503231048584
0.1783294677734375
0.10681676864624023
0.059041738510131836
0.036498069763183594
0.019926786422729492
5.056407928466797
4.998847007751465
4.604235410690308
4.338001728057861
4.102494239807129
4.055753707885742
3.658616781234741
3.2978456020355225
3.1783969402313232
2.880261182785034
2.7605104446411133
2.4333508014678955
2.217400550842285
1.9292049407958984
1.7211205959320068
1.553044319152832
1.345027208328247
1.2090189456939697
0.9883513450622559
0.8459196090698242
0.7118208408355713
0.5914077758789062
0.44447803497314453
0.3740546703338623
0.2871081829071045
0.18960976600646973
0.10832667350769043
0.07489943504333496
0.036070823669433594
0.018535852432250977
5.094623327255249
4.799009799957275
4.610913991928101
4.295572996139526
4.08129358291626
3.810018301010132
3.727243661880493
3.403701066970825
3.229292154312134
2.8679962158203125
2.696028709411621
2.5693352222442627
2.223827362060547
1.9994451999664307
1.8092269897460938
1.6143016815185547
1.5104515552520752
1.188218593597412
1.0604212284088135
0.8690817356109619
0.7682380676269531
0.6281142234802246
0.4971306324005127
0.39961767196655273
0.26982688903808594
0.18820786476135254
0.11214256286621094
0.062124013900756836
0.03470587730407715
5.143199920654297
4.949867010116577
4.618086814880371
4.359314680099487
4.280498027801514
3.8450543880462646
3.6138429641723633
3.4079222679138184
3.1200737953186035
2.9289252758026123
2.6644434928894043
2.363786220550537
2.117213726043701
1.9029014110565186
1.697206735610962
1.6380298137664795
1.3207807540893555
1.1553118228912354
1.030947208404541
0.883310079574585
0.7601993083953857
0.5771100521087646
0.4506828784942627
0.3449995517730713
0.2687368392944336
0.18117594718933105
0.10561394691467285
0.06481504440307617
0.03674125671386719
0.01839923858642578
5.215028285980225
4.942642450332642
4.580207109451294
4.358173608779907
4.253943204879761
3.9029855728149414
3.5074377059936523
3.4731409549713135
3.1075408458709717
2.9081077575683594
2.7722818851470947
2.447866916656494
2.225558042526245
2.0008068084716797
1.8537626266479492
1.5513725280761719
1.4002792835235596
1.1825721263885498
0.9612226486206055
0.8354108333587646
0.6816303730010986
0.5773675441741943
0.4388868808746338
0.3316800594329834
0.234419584274292
0.13355445861816406
0.09239816665649414
0.056195735931396484
0.0315554141998291
5.25361967086792
4.794784069061279
4.5494349002838135
4.316494941711426
4.113531589508057
3.859442710876465
3.5894663333892822
3.385989189147949
3.203364133834839
2.865955352783203
2.59791898727417
2.3744399547576904
2.094494104385376
1.896989107131958
1.8063302040100098
1.4843876361846924
1.3210434913635254
1.1695938110351562
0.996873140335083
0.8399817943572998
0.673952579498291
0.550694465637207
0.46776509284973145
0.3402984142303467
0.2340097427368164
0.16663432121276855
0.10785555839538574
0.057466983795166016
0.032196998596191406
4.976006507873535
4.829458713531494
4.550360918045044
4.25719428062439
4.0078816413879395
3.874511241912842
3.538607597351074
3.298208713531494
3.2057414054870605
2.9221138954162598
2.654123306274414
2.3665504455566406
2.2140953540802
1.9482645988464355
1.8073999881744385
1.6448619365692139
1.4192724227905273
1.1867449283599854
1.0602195262908936
0.8880476951599121
0.7088749408721924
0.5656454563140869
0.4330589771270752
0.3431968688964844
0.2540571689605713
0.18120026588439941
0.09713959693908691
0.060967445373535156
0.04125380516052246
0.016924619674682617
