3.0797486305236816
2.956451654434204
2.7408447265625
2.5800297260284424
2.5031538009643555
2.282083034515381
2.1571693420410156
1.9690074920654297
1.8246452808380127
1.7006521224975586
1.5509884357452393
1.4393196105957031
1.347550630569458
1.1668426990509033
1.0718755722045898
0.9576632976531982
0.8476583957672119
0.726024866104126
0.6259229183197021
0.5110604763031006
0.4603729248046875
0.38881683349609375
0.3162970542907715
0.24352478981018066
0.19425034523010254
0.13643407821655273
0.07710146903991699
0.045792341232299805
0.02980661392211914
0.017559051513671875
3.0509426593780518
2.9262781143188477
2.8815252780914307
2.6993601322174072
2.663611650466919
2.378706693649292
2.2876265048980713
2.076451301574707
1.9986705780029297
1.7763252258300781
1.647381067276001
1.5271172523498535
1.3774054050445557
1.2491400241851807
1.1160030364990234
0.9991641044616699
0.8793065547943115
0.7602109909057617
0.664423942565918
0.5658481121063232
0.4761013984680176
0.40506696701049805
0.36499619483947754
0.2819790840148926
0.18105626106262207
0.12003731727600098
0.07749652862548828
0.04636263847351074
0.0310211181640625
0.016291141510009766
3.1297903060913086
2.9436047077178955
2.873563051223755
2.901048421859741
2.545901298522949
2.4074134826660156
2.1817965507507324
2.022841691970825
1.8841650485992432
1.7620866298675537
1.612062931060791
1.4828693866729736
1.3243212699890137
1.2813143730163574
1.0854158401489258
0.9692041873931885
0.8870832920074463
0.7587003707885742
0.6863205432891846
0.5743212699890137
0.4493684768676758
0.37334632873535156
0.33072757720947266
0.2755770683288574
0.1614673137664795
0.11113548278808594
0.09038043022155762
0.04150891304016113
0.025925636291503906
0.017703771591186523
3.1003448963165283
3.133335590362549
2.913017988204956
2.700528144836426
2.5631659030914307
2.3282556533813477
2.185678482055664
2.057832956314087
1.971269130706787
1.9238903522491455
1.6063618659973145
1.4661738872528076
1.376267910003662
1.3934435844421387
1.1124107837677002
0.9669482707977295
0.8451671600341797
0.8671896457672119
0.645129919052124
0.5509705543518066
0.45955753326416016
0.3829183578491211
0.298541784286499
0.23743176460266113
0.17304515838623047
0.12587332725524902
0.09545040130615234
0.05100297927856445
0.027203083038330078
0.018723487854003906
3.1431703567504883
2.947110176086426
2.804542064666748
2.703068971633911
2.491194486618042
2.354888916015625
2.275059461593628
2.0626821517944336
1.9052855968475342
1.8880932331085205
1.588529109954834
1.4400992393493652
1.286745548248291
1.1650960445404053
1.0751323699951172
0.9627256393432617
0.8673503398895264
0.7108981609344482
0.6256332397460938
0.5315656661987305
0.4603888988494873
0.356243371963501
0.29550909996032715
0.22556829452514648
0.18127870559692383
0.11228656768798828
0.08321952819824219
0.04442119598388672
0.028289079666137695
0.01691412925720215
3.0623364448547363
2.8989274501800537
2.731510877609253
2.707578182220459
2.523782730102539
2.3241047859191895
2.2945711612701416
2.0139272212982178
2.0034117698669434
1.7049789428710938
1.5930628776550293
1.4301955699920654
1.2682275772094727
1.2641682624816895
1.1089928150177002
1.0030052661895752
0.8156747817993164
0.7279942035675049
0.6060280799865723
0.531341552734375
0.4388694763183594
0.3723893165588379
0.3312692642211914
0.29240918159484863
0.22330331802368164
0.13036036491394043
0.08925747871398926
0.0507049560546875
0.025495529174804688
0.017235279083251953
3.0748908519744873
2.9835524559020996
2.8467772006988525
2.7294676303863525
2.522989511489868
2.546527862548828
2.262233018875122
2.146867513656616
1.9590034484863281
1.7897059917449951
1.5965402126312256
1.4437775611877441
1.3155958652496338
1.281109094619751
1.0426054000854492
0.9149165153503418
0.8494763374328613
0.7511954307556152
0.6602582931518555
0.5611295700073242
0.4655337333679199
0.4143080711364746
0.3128519058227539
0.23865199089050293
0.18345260620117188
0.1250598430633545
0.08673214912414551
0.04842829704284668
0.028423547744750977
0.01627516746520996
3.0369832515716553
2.9272220134735107
2.7667760848999023
2.6912782192230225
2.5178415775299072
2.4081480503082275
2.243072986602783
2.1232173442840576
1.9494049549102783
1.9408342838287354
1.669809103012085
1.5227363109588623
1.4093470573425293
1.2407598495483398
1.084503412246704
0.9869544506072998
0.866018533706665
0.756281852722168
0.6170480251312256
0.5650310516357422
0.5231950283050537
0.36446428298950195
0.28993773460388184
0.1886589527130127
0.13078665733337402
0.054685115814208984
0.05162954330444336
0.041158437728881836
0.0238649845123291
0.014442205429077148
3.0317587852478027
2.871556043624878
2.8340811729431152
2.659315347671509
2.5280191898345947
2.3366522789001465
2.382086992263794
2.089979410171509
1.9463374614715576
1.8367013931274414
1.6939611434936523
1.5197858810424805
1.3631651401519775
1.2173054218292236
1.0976195335388184
0.9941837787628174
0.9854121208190918
0.7504336833953857
0.6505987644195557
0.5500483512878418
0.44704127311706543
0.3977077007293701
0.32169008255004883
0.24289894104003906
0.18509984016418457
0.1369612216949463
0.07967138290405273
0.04105401039123535
0.03646206855773926
0.019918203353881836
3.1716763973236084
3.0269641876220703
2.8453481197357178
2.783902406692505
2.5104830265045166
2.3490519523620605
2.1772072315216064
2.0544984340667725
1.9699885845184326
1.7846546173095703
1.6585652828216553
1.527958869934082
1.3905491828918457
1.2583246231079102
1.1666007041931152
0.989081621170044
0.8875675201416016
0.7740247249603271
0.6665208339691162
0.5679950714111328
0.47203826904296875
0.4018113613128662
0.30219221115112305
0.23193955421447754
0.15517044067382812
2.9812774658203125
2.79117488861084
2.6742587089538574
2.6535804271698
2.3590192794799805
2.189150333404541
2.2159249782562256
1.8987646102905273
1.9058763980865479
1.6165862083435059
1.49186110496521
1.3535120487213135
1.1941947937011719
1.115616798400879
1.016207218170166
0.8907849788665771
0.7710795402526855
0.6496763229370117
0.5317440032958984
0.4849557876586914
0.4085655212402344
0.3496239185333252
0.2855997085571289
0.2120652198791504
0.16086959838867188
0.10422635078430176
0.06468534469604492
0.0355839729309082
0.02319645881652832
0.011350393295288086
2.957282066345215
3.0025835037231445
2.730762481689453
2.6039845943450928
2.4304041862487793
2.3817214965820312
2.1598174571990967
2.040391683578491
1.8879632949829102
1.7304444313049316
1.5904960632324219
1.4592866897583008
1.3185009956359863
1.1775269508361816
1.0557868480682373
0.9197688102722168
0.8263559341430664
0.695023775100708
0.5919713973999023
0.5069639682769775
0.4218440055847168
0.3504033088684082
0.33490824699401855
0.20704960823059082
0.17890691757202148
0.10359454154968262
0.06358003616333008
0.035797119140625
0.02122020721435547
0.011409997940063477
3.030266284942627
3.006585121154785
2.835007429122925
2.6258621215820312
2.4639925956726074
2.27350115776062
2.108611822128296
1.956303596496582
1.8233423233032227
1.675142526626587
1.5641999244689941
1.4053473472595215
1.2494847774505615
1.3020846843719482
1.017038106918335
0.9251961708068848
0.8194591999053955
0.7106759548187256
0.6176073551177979
0.5101170539855957
0.4024074077606201
0.334592342376709
0.31698012351989746
0.23499107360839844
0.1519780158996582
0.08758282661437988
0.06324410438537598
0.0332179069519043
0.02013373374938965
0.014335393905639648
3.043137311935425
2.9956858158111572
2.847217082977295
2.655834674835205
2.441173553466797
2.2663097381591797
2.1084604263305664
2.026425361633301
1.8713350296020508
1.6827123165130615
1.566918134689331
1.3980159759521484
1.2923455238342285
1.2059543132781982
1.049412488937378
0.9132061004638672
0.8032338619232178
0.73830246925354
0.5948410034179688
0.514209508895874
0.42023444175720215
0.3304729461669922
0.2718195915222168
0.19904875755310059
0.16872954368591309
0.11541748046875
0.07115006446838379
0.03585553169250488
0.0202028751373291
0.010833740234375
3.089308023452759
2.861224412918091
2.738863468170166
2.609273910522461
2.4602901935577393
2.401289939880371
2.119069814682007
1.9419281482696533
1.8179512023925781
1.6478831768035889
1.5446808338165283
1.4834372997283936
1.2520368099212646
1.1296350955963135
1.0232465267181396
0.9073050022125244
0.8095238208770752
0.6866755485534668
0.5674808025360107
0.5051891803741455
0.4019315242767334
0.3267862796783447
0.2632026672363281
0.20464468002319336
0.14594554901123047
0.09900808334350586
0.0562283992767334
0.03510427474975586
0.021953344345092773
0.010363101959228516
2.9621591567993164
2.824280023574829
2.671461820602417
2.6112866401672363
2.446594476699829
2.257962226867676
2.0780489444732666
1.9621853828430176
1.7558062076568604
1.6251866817474365
1.5085902214050293
1.3712220191955566
1.2196645736694336
1.1259765625
0.9733867645263672
0.8817684650421143
0.7471446990966797
0.6714847087860107
0.5872631072998047
0.5003712177276611
0.4245314598083496
0.34497666358947754
0.30971312522888184
0.2549302577972412
0.17866826057434082
0.11287355422973633
0.07699155807495117
0.03540802001953125
0.023471832275390625
0.01131296157836914
2.968625545501709
2.93156361579895
2.8091108798980713
2.749157428741455
2.4772067070007324
2.339350461959839
2.2526345252990723
2.0654540061950684
1.8975577354431152
1.6759815216064453
1.5287647247314453
1.399277687072754
1.2581398487091064
1.1888518333435059
0.9955806732177734
0.8883445262908936
0.7821671962738037
0.7076725959777832
0.5900695323944092
0.4970114231109619
0.4238603115081787
0.34363484382629395
0.29183292388916016
0.21956372261047363
0.16481542587280273
0.10991835594177246
0.06116151809692383
0.03941774368286133
0.02249598503112793
0.00990748405456543
2.9721219539642334
2.9987692832946777
2.8350048065185547
2.536586046218872
2.4935953617095947
2.3444671630859375
2.182239532470703
2.0270497798919678
1.8743586540222168
1.7102177143096924
1.5766985416412354
1.4984374046325684
1.343480110168457
1.157501220703125
1.0323455333709717
0.9097299575805664
0.7882742881774902
0.7264037132263184
0.5945014953613281
0.6112775802612305
0.3963017463684082
0.326413631439209
0.2454383373260498
0.18894171714782715
0.11349844932556152
0.046329498291015625
0.05087113380432129
0.03037285804748535
0.01838374137878418
0.014660358428955078
3.1348164081573486
2.8384416103363037
2.763807773590088
2.599133014678955
2.422975540161133
2.263019561767578
2.1506540775299072
1.9540328979492188
1.887244701385498
1.752096176147461
1.5949337482452393
1.5189166069030762
1.4971411228179932
1.183398723602295
1.0499694347381592
0.9497940540313721
0.8507611751556396
0.7034213542938232
0.6092731952667236
0.5070571899414062
0.4342355728149414
0.3544185161590576
0.28606629371643066
0.2098841667175293
0.16038060188293457
0.1216282844543457
0.0652165412902832
0.03124690055847168
0.024173974990844727
0.012771129608154297
3.0429608821868896
2.9339351654052734
2.6838271617889404
2.5648257732391357
2.428264856338501
2.318866491317749
2.1477203369140625
2.0443875789642334
2.025768280029297
1.7329494953155518
1.7646100521087646
1.4608588218688965
1.3501241207122803
1.225740909576416
1.121669054031372
0.9380083084106445
0.815302848815918
0.7207291126251221
0.599123477935791
0.49555397033691406
0.4163780212402344
0.3369743824005127
0.2633650302886963
0.16982197761535645
