7.3405187129974365
6.8988120555877686
6.5741286277771
6.358730792999268
6.037144422531128
5.803682804107666
5.5613672733306885
4.950660705566406
4.841140985488892
4.335472583770752
3.9570987224578857
3.7072837352752686
3.3871009349823
3.0131494998931885
2.6074628829956055
2.3791844844818115
2.0682384967803955
1.9263031482696533
1.641007423400879
1.397824764251709
1.1699988842010498
0.972034215927124
0.7993543148040771
0.6208574771881104
0.4462859630584717
0.3076176643371582
0.2059178352355957
0.11767768859863281
0.07851457595825195
0.03926730155944824
7.296446323394775
7.06620717048645
6.66461706161499
6.526127576828003
5.9882872104644775
5.622277736663818
5.203497409820557
4.854555130004883
4.526937246322632
4.271629095077515
3.9202659130096436
3.508697986602783
3.1517698764801025
2.9818692207336426
2.60652494430542
2.340040445327759
2.0491435527801514
1.7814514636993408
1.4996495246887207
1.2881171703338623
1.262495994567871
0.8970279693603516
0.7002837657928467
0.5615592002868652
0.4192392826080322
0.29372739791870117
0.18144512176513672
0.11199069023132324
0.06889653205871582
0.038768768310546875
7.424358129501343
7.250475168228149
6.819038152694702
6.321781396865845
6.048401355743408
5.6138293743133545
5.273493051528931
5.000640869140625
4.555480003356934
4.324646234512329
3.895516872406006
3.6149613857269287
3.2382309436798096
2.949632167816162
2.8395605087280273
2.4512619972229004
2.210825204849243
1.9008734226226807
1.6719396114349365
1.4107227325439453
1.21120285987854
0.9989638328552246
0.9193542003631592
0.5842664241790771
0.4230780601501465
0.28041505813598633
0.16333746910095215
0.08462929725646973
7.48738431930542
7.083691358566284
6.702636957168579
6.286189317703247
6.2032151222229
5.634832382202148
5.455048561096191
4.979615211486816
4.591052770614624
4.15101432800293
4.163558721542358
3.586416721343994
3.2575111389160156
2.9666049480438232
2.64473819732666
2.524901866912842
2.1077892780303955
1.868438482284546
1.6178476810455322
1.386976957321167
1.1437616348266602
1.0066425800323486
0.7634813785552979
0.5911579132080078
0.44208645820617676
0.3011164665222168
0.18642520904541016
0.09484481811523438
0.06662416458129883
0.03796672821044922
7.769317150115967
6.94419002532959
6.909509658813477
6.35589861869812
5.955901145935059
5.723970651626587
5.336838960647583
4.903727054595947
4.57153058052063
4.2204694747924805
3.9120395183563232
3.435948610305786
3.21990704536438
2.91919207572937
2.6577444076538086
2.3413522243499756
2.1152961254119873
1.7508001327514648
1.6498496532440186
1.3566207885742188
1.1100633144378662
0.9306845664978027
0.7057337760925293
0.552370548248291
0.4200723171234131
0.2758653163909912
0.1686265468597412
0.09953188896179199
0.062216758728027344
0.03629732131958008
7.187849283218384
6.974622011184692
6.726611137390137
6.255646705627441
5.875921964645386
5.827538251876831
5.250401735305786
4.882225036621094
4.651569366455078
4.2573041915893555
3.9225852489471436
3.547914505004883
3.4601659774780273
3.019709587097168
2.6124134063720703
2.327625274658203
2.230483293533325
1.7934033870697021
1.5647082328796387
1.31516695022583
1.1177983283996582
0.9721636772155762
0.7602486610412598
0.521604061126709
0.41600894927978516
0.2963728904724121
0.175628662109375
0.09093356132507324
0.060896873474121094
0.03990292549133301
7.159290075302124
7.161295175552368
6.564656734466553
6.360040187835693
6.085724115371704
5.62571120262146
5.300724744796753
4.904170751571655
4.679131984710693
4.349823951721191
4.034241437911987
3.5825281143188477
3.240616798400879
3.0883071422576904
2.63849139213562
2.4298088550567627
2.0904181003570557
1.8092520236968994
1.6423053741455078
1.3160500526428223
1.1050305366516113
0.9092464447021484
0.7422053813934326
0.5619115829467773
0.422548770904541
0.29674696922302246
0.18129491806030273
0.07701754570007324
0.0528254508972168
0.03101205825805664
7.29866623878479
6.922325849533081
6.754813194274902
6.312236070632935
5.898136138916016
5.446496486663818
5.068708419799805
4.720798969268799
4.510983228683472
4.301286458969116
3.918389320373535
3.4883527755737305
3.116054058074951
2.8715996742248535
2.43977952003479
2.363386631011963
1.9246342182159424
1.7168867588043213
1.4801828861236572
1.2505643367767334
1.0397703647613525
0.900529146194458
0.7441492080688477
0.5610830783843994
0.41568827629089355
0.3468165397644043
0.20496034622192383
0.10848832130432129
0.07025146484375
0.03961682319641113
7.348995923995972
7.136532783508301
6.69108772277832
6.318849325180054
6.078080177307129
5.613548994064331
5.180981874465942
4.694470643997192
4.4908552169799805
4.2148823738098145
3.9314157962799072
3.49788236618042
3.185363531112671
2.9338021278381348
2.5216073989868164
2.252222776412964
1.9526748657226562
1.8694818019866943
1.5491759777069092
1.3268318176269531
1.1414177417755127
0.9246790409088135
0.733234167098999
0.5399329662322998
0.3753535747528076
0.2785928249359131
0.1817457675933838
0.10028648376464844
0.06412696838378906
0.036624908447265625
7.255236625671387
7.095167398452759
6.662275552749634
6.587831020355225
5.995917558670044
5.85956883430481
5.145102024078369
4.817046403884888
4.3623435497283936
4.05621862411499
3.815411329269409
3.4501516819000244
3.1473307609558105
2.9455645084381104
2.5618953704833984
2.3487255573272705
1.9552829265594482
1.6618094444274902
1.2812349796295166
1.0679352283477783
0.8710880279541016
7.159620046615601
6.688098907470703
6.632893323898315
6.184495449066162
5.857300043106079
5.513427495956421
5.087802171707153
4.73379921913147
4.447946071624756
4.124077796936035
3.9363627433776855
3.3785452842712402
3.108302354812622
2.822492837905884
2.481870412826538
2.2136034965515137
1.980766773223877
1.919602394104004
1.506316900253296
1.273040771484375
1.0812230110168457
0.8528168201446533
0.6808292865753174
0.4913980960845947
0.3604133129119873
0.256974458694458
0.15403437614440918
0.08642292022705078
0.054717302322387695
0.03103351593017578
7.199082851409912
7.021203279495239
6.501501798629761
6.181035280227661
5.710599899291992
5.477087497711182
5.114638566970825
4.673786163330078
4.691000461578369
4.078597784042358
3.638225793838501
3.440223217010498
3.059905529022217
2.736344337463379
2.5293807983398438
2.2045907974243164
1.8748314380645752
1.611060380935669
1.4152030944824219
1.2952563762664795
0.9852962493896484
0.7675368785858154
0.617480993270874
0.5338866710662842
0.33233165740966797
0.2307755947113037
0.1462395191192627
0.07979989051818848
0.05275535583496094
0.024875402450561523
7.176593065261841
6.954705238342285
6.595556020736694
6.456208944320679
5.934370279312134
5.669292688369751
5.270727157592773
4.826549530029297
4.385370254516602
4.248938322067261
3.7622177600860596
3.4722206592559814
3.244605541229248
2.80731201171875
2.586360454559326
2.327484607696533
2.0443997383117676
1.77122163772583
1.539520263671875
1.3862388134002686
1.1198053359985352
1.007523775100708
0.7687430381774902
0.5340728759765625
0.3519020080566406
0.21650457382202148
0.11767411231994629
7.156298875808716
6.980318546295166
6.500976324081421
5.979130506515503
5.763822793960571
5.466829061508179
5.224529027938843
4.792541742324829
4.443556785583496
3.9992830753326416
3.6751468181610107
3.413452625274658
3.0741240978240967
2.9253172874450684
2.465276002883911
2.228743076324463
1.9872443675994873
1.748478889465332
1.4786064624786377
1.2317943572998047
1.0718531608581543
0.8545699119567871
0.6528115272521973
0.49654436111450195
0.36588263511657715
0.25148749351501465
0.13971996307373047
0.08028078079223633
0.04451727867126465
0.02450251579284668
7.138118743896484
6.966887474060059
6.507298946380615
6.109522342681885
6.151909828186035
5.519845008850098
5.259713172912598
4.887362480163574
4.391770124435425
4.057477951049805
3.95780086517334
3.36824893951416
3.056649684906006
2.7074034214019775
2.619955539703369
2.1785240173339844
1.9546678066253662
1.6413402557373047
1.450129508972168
1.2763209342956543
1.0166082382202148
0.8436436653137207
0.6237869262695312
0.4855072498321533
0.3403611183166504
0.18764328956604004
0.1295020580291748
0.07799077033996582
0.04752945899963379
0.026615619659423828
7.308738946914673
6.748918294906616
6.591562747955322
6.1398046016693115
5.686663627624512
5.345307111740112
5.0097270011901855
4.847738027572632
4.327770471572876
4.08013653755188
3.784947395324707
3.5048675537109375
3.1111373901367188
2.9054079055786133
2.511143445968628
2.2470290660858154
1.936418056488037
1.7029366493225098
1.5812764167785645
1.259411096572876
1.0488862991333008
0.8003156185150146
0.5173170566558838
0.45967793464660645
0.35251760482788086
0.2611992359161377
0.14458107948303223
0.0776832103729248
0.04299521446228027
0.025433063507080078
7.019873142242432
6.726840019226074
6.675617694854736
6.2699949741363525
5.799282073974609
5.655645370483398
5.0590760707855225
4.721442461013794
4.318240404129028
4.054579257965088
3.8110945224761963
3.4124467372894287
3.1494667530059814
2.7256598472595215
2.5613882541656494
2.1725873947143555
1.9327285289764404
1.6750521659851074
1.4541645050048828
1.2229385375976562
1.0018563270568848
0.9520561695098877
0.6323535442352295
0.4481678009033203
0.35955119132995605
0.21136021614074707
0.0929417610168457
0.06534838676452637
0.04649686813354492
7.0363075733184814
7.194141387939453
6.391833543777466
5.890042781829834
5.6734349727630615
5.2621119022369385
5.225778102874756
4.673502683639526
4.358867168426514
3.9369373321533203
3.5627012252807617
3.3669419288635254
2.9198215007781982
2.5928895473480225
2.454073667526245
2.0161619186401367
1.788433313369751
1.565415859222412
1.3369648456573486
1.1291728019714355
0.9488496780395508
0.7971155643463135
0.7212357521057129
0.5138013362884521
0.3532371520996094
0.2971954345703125
0.1624143123626709
0.08283495903015137
0.05671286582946777
0.029944658279418945
7.10470175743103
6.868823289871216
6.591885328292847
6.080488204956055
5.695508241653442
5.403464317321777
4.91895055770874
4.805834054946899
4.353731155395508
3.942751884460449
3.766177177429199
3.458418130874634
3.06059193611145
2.7207534313201904
2.3804948329925537
2.060122489929199
1.8497943878173828
1.7801949977874756
1.4034764766693115
1.198469877243042
1.0264062881469727
0.8391969203948975
0.6448583602905273
0.4619109630584717
0.32177281379699707
0.22994685173034668
0.1303861141204834
0.07722878456115723
0.049553632736206055
0.02522897720336914
7.251445055007935
6.913150310516357
6.471207141876221
6.1694629192352295
5.828888654708862
5.601283073425293
5.094715118408203
4.6614089012146
4.5508527755737305
3.931715488433838
3.576848268508911
3.3704569339752197
2.9822463989257812
2.691671848297119
2.439929723739624
2.0792553424835205
1.8262267112731934
1.5518324375152588
1.2385954856872559
1.06976318359375
0.8761839866638184
